53 59 80 03 00 01 25 55 54 43 
53 59 80 03 00 01 12 42 54 43 
53 59 80 03 00 01 25 55 54 43 
53 59 80 03 00 01 12 42 54 43 
53 59 80 03 00 01 06 36 54 43 
53 59 80 03 00 01 0C 3C 54 43 
53 59 80 03 00 01 0C 3C 54 43 
53 59 80 03 00 01 12 42 54 43 
53 59 80 03 00 01 0C 3C 54 43 
53 59 80 03 00 01 12 42 54 43 
53 59 80 03 00 01 06 36 54 43 
53 59 80 03 00 01 12 42 54 43 
53 59 80 03 00 01 0C 3C 54 43 
53 59 80 03 00 01 12 42 54 43 
53 59 80 03 00 01 12 42 54 43 
53 59 80 03 00 01 0C 3C 54 43 
53 59 80 03 00 01 12 42 54 43 
53 59 80 03 00 01 0C 3C 54 43 
53 59 80 03 00 01 0C 3C 54 43 
53 59 80 03 00 01 0C 3C 54 43 
53 59 80 03 00 01 0C 3C 54 43 
53 59 80 03 00 01 12 42 54 43 
53 59 80 03 00 01 0C 3C 54 43 
53 59 80 03 00 01 19 49 54 43 
53 59 80 03 00 01 19 49 54 43 
53 59 80 03 00 01 0C 3C 54 43 
53 59 80 03 00 01 12 42 54 43 
53 59 80 03 00 01 0C 3C 54 43 
53 59 80 03 00 01 19 49 54 43 
53 59 80 03 00 01 0C 3C 54 43 
53 59 80 03 00 01 0C 3C 54 43 
53 59 80 03 00 01 12 42 54 43 
53 59 80 03 00 01 0C 3C 54 43 
53 59 80 03 00 01 0C 3C 54 43 
53 59 80 03 00 01 12 42 54 43 
53 59 80 03 00 01 0C 3C 54 43 
53 59 80 03 00 01 0C 3C 54 43 
53 59 80 03 00 01 06 36 54 43 
53 59 80 03 00 01 0C 3C 54 43 
53 59 80 03 00 01 12 42 54 43 
53 59 80 03 00 01 0C 3C 54 43 
53 59 80 03 00 01 12 42 54 43 
53 59 80 03 00 01 06 36 54 43 
53 59 80 03 00 01 0C 3C 54 43 
53 59 80 03 00 01 0C 3C 54 43 
53 59 80 03 00 01 0C 3C 54 43 
53 59 80 03 00 01 0C 3C 54 43 
53 59 80 03 00 01 0C 3C 54 43 
53 59 80 03 00 01 0C 3C 54 43 
53 59 80 03 00 01 0C 3C 54 43 
53 59 80 03 00 01 0C 3C 54 43 
53 59 80 03 00 01 12 42 54 43 
53 59 80 03 00 01 12 42 54 43 
53 59 80 03 00 01 06 36 54 43 
53 59 80 03 00 01 12 42 54 43 
53 59 80 03 00 01 0C 3C 54 43 
53 59 80 03 00 01 0C 3C 54 43 
53 59 01 01 00 01 0F BE 54 43 
53 59 80 03 00 01 0C 3C 54 43 
53 59 80 03 00 01 0C 3C 54 43 
53 59 80 03 00 01 0C 3C 54 43 
53 59 80 03 00 01 12 42 54 43 
53 59 80 03 00 01 0C 3C 54 43 
53 59 80 03 00 01 0C 3C 54 43 
53 59 80 03 00 01 0C 3C 54 43 
53 59 80 03 00 01 25 55 54 43 
53 59 80 03 00 01 0C 3C 54 43 
53 59 80 03 00 01 12 42 54 43 
53 59 80 03 00 01 12 42 54 43 
53 59 80 03 00 01 0C 3C 54 43 
53 59 80 03 00 01 12 42 54 43 
53 59 80 03 00 01 12 42 54 43 
53 59 80 03 00 01 0C 3C 54 43 
53 59 80 03 00 01 0C 3C 54 43 
53 59 80 03 00 01 0C 3C 54 43 
53 59 80 03 00 01 12 42 54 43 
53 59 80 03 00 01 0C 3C 54 43 
53 59 80 03 00 01 12 42 54 43 
53 59 80 03 00 01 0C 3C 54 43 
53 59 80 03 00 01 0C 3C 54 43 
53 59 80 03 00 01 12 42 54 43 
53 59 80 03 00 01 0C 3C 54 43 
53 59 80 03 00 01 12 42 54 43 
53 59 80 03 00 01 12 42 54 43 
53 59 80 03 00 01 19 49 54 43 
53 59 80 03 00 01 12 42 54 43 
53 59 80 03 00 01 12 42 54 43 
53 59 80 03 00 01 12 42 54 43 
53 59 80 03 00 01 12 42 54 43 
53 59 80 03 00 01 0C 3C 54 43 
53 59 80 03 00 01 12 42 54 43 
53 59 80 03 00 01 0C 3C 54 43 
53 59 80 03 00 01 0C 3C 54 43 
53 59 80 03 00 01 12 42 54 43 
53 59 80 03 00 01 0C 3C 54 43 
53 59 80 03 00 01 12 42 54 43 
53 59 80 03 00 01 12 42 54 43 
53 59 80 03 00 01 0C 3C 54 43 
53 59 80 03 00 01 12 42 54 43 
53 59 80 03 00 01 0C 3C 54 43 
53 59 80 03 00 01 12 42 54 43 
53 59 80 03 00 01 0C 3C 54 43 
53 59 80 03 00 01 12 42 54 43 
53 59 80 03 00 01 0C 3C 54 43 
53 59 80 03 00 01 0C 3C 54 43 
53 59 80 03 00 01 25 55 54 43 
53 59 80 03 00 01 0C 3C 54 43 
53 59 80 03 00 01 0C 3C 54 43 
53 59 80 03 00 01 12 42 54 43 
53 59 80 03 00 01 0C 3C 54 43 
53 59 80 03 00 01 0C 3C 54 43 
53 59 80 03 00 01 0C 3C 54 43 
53 59 80 03 00 01 0C 3C 54 43 
53 59 80 03 00 01 12 42 54 43 
53 59 80 03 00 01 12 42 54 43 
53 59 80 03 00 01 19 49 54 43 
53 59 80 03 00 01 0C 3C 54 43 
53 59 80 03 00 01 12 42 54 43 
53 59 01 01 00 01 0F BE 54 43 
53 59 80 03 00 01 0C 3C 54 43 
53 59 80 03 00 01 12 42 54 43 
53 59 80 03 00 01 12 42 54 43 
53 59 80 03 00 01 12 42 54 43 
53 59 80 03 00 01 0C 3C 54 43 
53 59 80 03 00 01 12 42 54 43 
53 59 80 03 00 01 12 42 54 43 
53 59 80 03 00 01 0C 3C 54 43 
53 59 80 03 00 01 12 42 54 43 
53 59 80 03 00 01 0C 3C 54 43 
53 59 80 03 00 01 0C 3C 54 43 
53 59 80 03 00 01 0C 3C 54 43 
53 59 80 03 00 01 06 36 54 43 
53 59 80 03 00 01 0C 3C 54 43 
53 59 80 03 00 01 0C 3C 54 43 
53 59 80 03 00 01 0C 3C 54 43 
53 59 80 03 00 01 0C 3C 54 43 
53 59 80 03 00 01 0C 3C 54 43 
53 59 80 03 00 01 12 42 54 43 
53 59 80 03 00 01 0C 3C 54 43 
53 59 80 03 00 01 0C 3C 54 43 
53 59 80 03 00 01 12 42 54 43 
53 59 80 03 00 01 0C 3C 54 43 
53 59 80 03 00 01 12 42 54 43 
53 59 80 03 00 01 12 42 54 43 
53 59 80 03 00 01 0C 3C 54 43 
53 59 80 03 00 01 12 42 54 43 
53 59 80 03 00 01 12 42 54 43 
53 59 80 03 00 01 0C 3C 54 43 
53 59 80 03 00 01 0C 3C 54 43 
53 59 80 03 00 01 12 42 54 43 
53 59 80 03 00 01 12 42 54 43 
53 59 80 03 00 01 12 42 54 43 
53 59 80 03 00 01 0C 3C 54 43 
53 59 80 03 00 01 0C 3C 54 43 
53 59 80 03 00 01 12 42 54 43 
53 59 80 03 00 01 0C 3C 54 43 
53 59 80 03 00 01 0C 3C 54 43 
53 59 80 03 00 01 12 42 54 43 
53 59 80 03 00 01 06 36 54 43 
53 59 80 03 00 01 12 42 54 43 
53 59 80 03 00 01 12 42 54 43 
53 59 80 03 00 01 0C 3C 54 43 
53 59 80 03 00 01 0C 3C 54 43 
53 59 80 03 00 01 12 42 54 43 
53 59 80 03 00 01 0C 3C 54 43 
53 59 80 03 00 01 06 36 54 43 
53 59 80 03 00 01 0C 3C 54 43 
53 59 80 03 00 01 0C 3C 54 43 
53 59 80 03 00 01 12 42 54 43 
53 59 80 03 00 01 19 49 54 43 
53 59 80 03 00 01 0C 3C 54 43 
53 59 80 03 00 01 12 42 54 43 
53 59 80 03 00 01 12 42 54 43 
53 59 80 03 00 01 12 42 54 43 
53 59 80 03 00 01 12 42 54 43 
53 59 80 03 00 01 12 42 54 43 
53 59 80 03 00 01 12 42 54 43 
53 59 80 03 00 01 19 49 54 43 
53 59 80 03 00 01 06 36 54 43 
53 59 01 01 00 01 0F BE 54 43 
53 59 80 03 00 01 06 36 54 43 
53 59 80 0B 00 01 01 39 54 43 